Start Weights:
Hidden Neuron #1
	[-0.22229348852047276, 0.08988204815496909, 0.14034682019162964, 0.10315731835850972, 0.16449127309129752, -0.14784531983645516, -0.19850915340911013, -0.19146702238333418, -0.24449803467591213]
Hidden Neuron #2
	[-0.15750620558087192, -0.11811616656535634, 0.15773223588604407, -0.033110020419437336, -0.07753979314471049, -0.03780024940906024, -0.15454022723183153, -0.10329824534934512, 0.17575590906519106]
Hidden Neuron #3
	[0.1556864889546153, 0.1444623960725685, -0.1765336326089979, -0.012327717114107573, -0.06852985560316, -0.1447336463125936, -0.15008254365545126, -0.09215503646569162, -0.05005518178950208]
Hidden Neuron #4
	[-0.03639367914185998, 0.045014290192927076, -0.019831591478185473, -0.12110904446867415, -0.060356610354726115, -0.04646006728221702, 0.16561790859192266, -0.19210870756902698, 2.762316556240152E-4]
Output Neuron 
	[0.49858544710958985, -0.11750749929318005, 0.3363284620200515, -0.3826358507696551, 0.21050099148127877]
